10	57,9988	78,3771	62,4816	137,5273	7,2904	187,4786	184,3207	96,807	31,1184	88,2539	135,4650	168,9495	164,3866	11,8988	116,1493	51,5578	171,2029	
        57,9988 78,3771 62,4816 137,5273)       7,2904  187,4786        184,3207        96,807);31,1184 88,2539 135,4650        168, 9495       164,3866        11,8988 116,1493        51,5578 171,2029

26	14,3841	8,8342	1,4122	147,5759	113,5553	157,7	65,9434	116,4221	66,2747	138,7027	145,6697	130,5706	60,701	127,9896	136,7200	17,1275	120,5788	175,6165	70,9252	95,36	106,6940	2,2328	96,425	51,9329	183,4842	196,6754	

95	119,8126	112,555	120,1104	18,6122	91,1806	173,4092	196,231	26,36	147,1278	19,8691	125,2917	9,9480	63,5264	81,7627	84,3812	65,6605	105,6026	
96	40,5739	79,3059	104,9639	113,712	162,3737	155,1251	10,807	49,9901	151,5643	23,2431	72,859	26,425	69,4815	143,9274	183,5939	63,5638	147,6736	193,8831	

101	188,8531	40,2885	157,1393	171,4083	55,6050	144,3619	3,3381	113,5024	81,4493	163,6033	56,3516	129,8821	184,9591	59,1804	79,3205	30,6979	138,2902	143,4042	34,3383	21,2775	

147	26,5759	59,2651	163,7221	95,1278	132,2847	124,9014	5,1087	34,9758	96,6736	38,8391	41,1858	167,5546	130,9251	149,6379	58,2267	93,7807	

157	119,9158	26,7	86,4447	101,1393	187,7184	137,5286	99,6818	11,8497	2,8643	158,1881	128,6815	175,1597	72,604	24,9540	28,6880	15,2136	

184	6,8021	130,8488	188,198	40,4306	123,2832	101,9591	113,4999	129,5623	144,5222	175,9107	136,6682	164,9774	86,801	57,7592	29,9797	81,4485	35,7437	135,7629	28,4164	10,3207	128,6339	

188	23,4236	198,9114	137,9117	184,198	101,8531	167,6549	54,4883	149,1003	28,3816	196,88	52,7805	55,5181	185,700	186,5027	171,6981	97,4695	138,892	125,230	146,5715	140,6223	
        23,4236 198,9114        137,9117        184,198 101,8531        167,6549        54,4883 149,1003        28,3816 196,88  52,7805 55,5181 185,700 186,5027        171,6981);      97,4695 138,892 125,230 146,5715        140,6223
 
196	188,88	39,9267	139,3988	95,231	61,5577	161,9729	125,4519	117,3366	103,696	46,9632	26,6754	112,5663	128,1760	119,2824	185,1339	
        188,88  39,9267 139,3988        95,231  61,5577 161,9729        125,4519        117,3366        103,696 46,9632 26,6754 112,5663        128,1760        119,2824        185,1339