397 1 -5942
228 397 -7927
386 228 -9013
343 397 -7570
293 343 -8657
159 397 -7157
335 159 -8205
160 159 -7839
19 335 -7787
328 19 -8231
488 343 -6842
167 488 -9090
312 167 -6573
474 312 -8920
368 474 -7991
369 368 -8888
98 368 -7792
475 474 -7052
464 475 -9291
267 464 -7760
260 267 -9134
268 267 -8907
63 267 -8209
62 63 -9504
408 267 -7695
479 260 -7629
173 62 -7617
172 173 -9697
211 172 -8557
428 173 -8093
179 428 -8340
2 173 -7751
3 2 -8874
144 3 -9056
91 3 -8754
104 2 -8744
223 104 -7868
443 211 -7502
444 443 -8151
442 443 -7558
441 442 -9851
384 442 -9312
454 442 -7877
103 454 -9992
221 103 -9998
366 454 -9405
432 366 -9909
285 366 -9502
489 454 -9298
360 489 -9515
490 489 -9312
365 366 -9219
15 365 -9352
206 432 -8822
100 365 -8596
133 365 -8417
220 15 -8415
135 220 -9436
352 103 -8013
276 432 -7970
476 276 -9556
398 476 -8221
481 398 -9932
450 398 -9491
371 398 -9477
323 398 -9158
399 398 -8532
102 398 -8299
387 102 -9849
183 102 -8982
41 183 -9848
332 352 -7936
272 103 -7824
496 272 -7845
222 221 -7797
16 15 -7753
26 366 -7642
202 100 -7606
201 202 -8731
45 202 -8727
304 45 -9980
138 304 -9806
269 138 -9121
431 138 -8652
203 202 -8100
406 203 -9424
83 203 -8557
340 83 -8417
307 340 -8967
258 340 -7890
226 258 -9022
149 226 -9402
87 226 -9223
122 87 -8824
259 122 -7997
136 259 -9993
354 307 -7654
284 354 -9097
128 354 -9071
412 128 -9322
310 431 -7614
341 310 -9066
230 341 -9152
315 230 -9532
225 315 -9440
35 225 -9215
311 310 -8711
283 398 -7542
469 283 -9907
82 469 -9808
282 283 -9803
349 282 -9869
281 282 -8850
422 469 -8414
75 422 -9088
470 469 -8102
313 470 -9447
373 470 -8502
120 373 -9213
117 313 -8467
118 117 -9012
94 82 -7789
447 94 -8934
448 447 -9184
257 448 -9484
93 94 -8183
65 470 -7730
232 65 -9315
153 469 -7547
72 153 -9242
212 72 -8966
286 212 -9917
287 286 -9632
288 287 -9903
430 431 -7532
109 65 -7488
291 100 -7435
437 291 -8494
305 122 -7289
155 305 -8235
308 83 -7277
389 308 -8415
411 389 -7853
61 83 -7267
29 61 -9929
88 61 -8574
453 88 -8693
317 453 -9333
327 453 -8709
51 327 -9020
344 453 -8302
300 344 -8409
495 300 -8315
157 300 -8234
124 157 -8496
123 124 -8728
356 344 -7281
466 356 -8140
229 356 -7955
208 466 -7370
126 466 -7322
139 126 -8639
401 126 -8102
480 401 -8775
309 2 -7230
346 309 -9056
195 346 -9407
196 195 -9529
316 317 -7213
275 16 -7206
238 275 -7472
239 238 -9874
391 239 -9266
146 238 -9222
111 146 -9966
52 238 -8566
163 52 -9821
185 52 -8731
421 422 -7189
435 421 -8158
436 435 -7818
191 476 -7120
22 63 -7119
101 22 -9660
156 22 -9282
31 156 -9373
30 31 -9951
324 30 -9689
107 31 -9611
85 22 -9225
32 31 -8643
486 156 -8359
147 156 -8069
148 147 -9587
137 147 -8845
64 148 -7784
491 137 -7463
217 491 -9531
296 491 -7492
363 85 -7094
132 363 -7224
110 132 -8834
216 132 -7717
131 132 -7293
204 131 -8867
467 204 -8510
322 131 -8494
76 467 -8172
348 118 -7076
264 212 -7012
265 264 -8596
426 365 -6930
425 426 -8875
219 220 -6876
14 219 -9493
498 153 -6845
329 498 -9021
330 329 -9595
499 498 -6861
301 499 -7760
33 301 -7033
382 366 -6765
121 382 -8779
338 382 -8645
339 338 -9443
169 338 -8967
34 169 -9727
449 169 -7246
251 449 -7320
294 449 -7189
175 339 -7008
176 175 -9786
177 176 -9636
11 176 -9470
174 175 -8677
205 175 -8284
12 11 -6736
13 12 -7604
24 13 -9600
459 360 -6735
458 459 -9068
28 458 -9550
106 459 -7473
249 458 -6860
27 28 -6775
99 223 -6699
445 83 -6696
446 445 -9813
237 268 -6651
130 237 -9047
299 412 -6638
359 185 -6637
97 147 -6620
485 97 -9789
96 97 -9266
388 97 -7687
38 388 -7439
95 96 -6715
84 95 -7979
477 88 -6582
46 259 -6561
214 46 -8927
215 214 -7142
56 475 -6542
69 265 -6541
235 62 -6507
413 235 -8868
125 124 -6474
86 219 -6473
213 86 -7043
151 185 -6430
261 151 -7835
353 45 -6425
266 196 -6390
236 421 -6331
374 203 -6327
375 374 -7986
492 375 -6444
79 492 -9964
39 122 -6276
209 267 -6273
90 110 -6267
500 286 -6235
314 477 -6120
455 314 -9700
231 204 -6073
4 82 -6069
364 4 -8897
47 46 -6059
241 444 -6059
242 241 -8966
393 126 -6017
392 393 -8912
165 118 -5992
248 165 -7477
482 248 -6116
483 482 -9453
164 163 -5987
8 124 -5969
7 8 -7507
234 235 -5961
233 234 -8309
263 233 -8107
277 233 -7785
278 277 -6763
198 234 -6093
186 198 -9486
200 198 -7410
252 198 -6392
197 198 -6105
44 197 -7215
116 197 -6213
145 116 -9135
43 44 -6198
154 43 -9305
190 154 -7567
367 19 -5912
253 436 -5911
112 496 -5901
465 130 -5821
325 249 -5814
270 325 -6345
81 106 -5778
345 425 -5731
456 34 -5727
334 411 -5706
460 492 -5705
143 460 -8069
142 143 -7750
243 460 -7045
168 399 -5704
289 288 -5683
297 289 -5802
433 482 -5668
18 433 -9810
434 433 -8966
192 433 -6813
400 433 -6294
162 433 -5687
351 264 -5652
182 121 -5624
193 182 -6632
452 193 -9490
497 452 -8325
36 497 -5712
37 36 -7609
292 36 -6348
67 230 -5611
342 67 -9488
407 329 -5566
115 364 -5521
20 115 -7690
207 20 -9098
362 363 -5503
40 81 -5474
336 40 -7189
461 336 -8129
462 461 -9989
246 336 -6729
180 179 -5463
319 220 -5456
318 319 -5649
129 318 -7647
376 32 -5448
427 376 -7114
150 151 -5445
298 441 -5427
418 298 -9505
255 298 -6885
440 255 -8229
254 255 -8096
280 254 -8438
279 280 -9809
439 440 -7217
271 439 -5855
181 79 -5362
380 367 -5349
73 380 -9971
48 380 -8760
381 380 -5578
256 345 -5305
416 7 -5246
321 416 -8708
357 321 -7452
417 416 -5636
463 292 -5174
473 463 -5410
472 473 -9211
471 472 -5564
57 258 -5160
378 106 -5125
361 360 -5118
383 382 -5091
337 383 -6903
250 462 -5069
113 373 -5059
114 113 -9800
227 226 -5058
333 32 -5050
58 333 -6694
451 333 -5301
89 296 -4929
405 164 -4926
295 132 -4924
478 193 -4892
424 399 -4886
92 196 -4884
409 92 -8102
141 92 -7312
105 478 -4873
493 492 -4854
410 493 -7145
66 41 -4827
108 66 -8381
42 43 -4823
152 227 -4796
414 152 -10000
60 152 -5617
420 325 -4767
370 420 -9950
355 420 -8857
240 19 -4667
394 169 -4660
274 275 -4649
273 274 -7658
290 467 -4613
184 290 -4607
350 351 -4579
302 69 -4544
158 252 -4490
59 158 -9038
403 59 -5780
320 357 -4449
170 320 -7051
71 170 -9236
224 170 -8631
218 170 -7389
244 218 -8687
245 244 -9103
385 386 -4429
17 16 -4370
423 422 -4343
358 359 -4330
395 358 -6761
50 228 -4294
187 387 -4246
188 187 -9471
68 485 -4213
494 298 -4071
134 133 -4059
194 496 -4010
9 307 -4003
10 9 -5012
390 10 -8598
166 265 -3934
49 95 -3905
484 49 -6785
140 287 -3859
55 111 -3854
74 55 -9806
438 246 -3820
171 46 -3812
372 171 -6686
419 141 -3743
468 469 -3667
347 468 -4049
210 63 -3653
457 458 -3644
303 302 -3618
70 69 -3532
53 70 -5040
77 352 -3500
404 77 -3515
199 406 -3337
6 297 -3253
25 288 -3078
415 414 -2987
379 378 -2951
402 403 -2763
80 313 -2736
178 448 -2604
247 164 -2548
377 376 -2445
161 377 -9871
127 94 -2436
189 225 -2315
326 277 -2266
262 263 -2202
331 232 -1972
78 292 -1847
396 397 -1734
54 55 -1572
119 247 -1467
429 141 -1127
306 253 -952
487 313 -320
5 122 722
21 352 1462
23 198 3114